0 0 266 223
0 0 266 223
0 0 266 223
318 338 224 202
0 0 224 202
0 0 224 202
0 0 224 202
257 355 259 222
300 733 248 205
0 0 248 205
0 0 248 205
299 421 283 259
0 0 283 259
132 223 215 158
314 138 263 261
0 0 263 261
0 0 263 261
212 477 290 231
0 0 290 231
0 0 290 231
0 0 290 231
0 0 290 231
287 485 262 215
0 0 262 215
0 0 262 215
0 0 262 215
0 0 262 215
0 0 262 215
303 360 282 241
0 0 282 241
0 0 282 241
389 309 260 216
0 0 260 216
0 0 260 216
236 388 284 250
178 818 238 171
0 0 238 171
0 0 238 171
94 98 250 79
0 0 250 79
0 0 250 79
0 0 250 79
0 0 250 79
0 0 250 79
0 0 250 79
0 0 250 79
152 419 239 178
0 0 239 178
0 0 239 178
276 434 219 197
152 324 263 217
0 0 263 217
0 0 263 217
0 0 263 217
166 394 219 155
273 607 216 166
295 328 242 216
0 0 242 216
0 0 242 216
245 167 246 225
0 0 246 225
108 112 303 240
0 0 303 240
0 0 303 240
146 365 289 233
0 0 289 233
0 0 289 233
0 0 289 233
0 0 289 233
0 0 289 233
325 356 280 258
466 379 225 208
164 502 300 232
0 0 300 232
0 0 300 232
0 0 300 232
0 0 300 232
0 0 300 232
0 0 300 232
0 0 300 232
0 0 300 232
252 389 255 268
0 0 255 268
0 0 255 268
0 0 255 268
0 0 255 268
0 0 255 268
168 612 255 252
0 0 255 252
106 216 254 116
0 0 254 116
0 0 254 116
294 1017 256 205
0 0 256 205
0 0 256 205
0 0 256 205
0 0 256 205
0 0 256 205
0 0 256 205
0 0 256 205
190 513 294 236
0 0 294 236
0 0 294 236
226 610 268 216
164 340 251 199
216 423 295 309
0 0 295 309
0 0 295 309
0 0 295 309
0 0 295 309
0 0 295 309
0 0 295 309
0 0 295 309
0 0 295 309
175 419 255 227
200 122 296 229
0 0 296 229
0 0 296 229
0 0 296 229
0 0 296 229
0 0 296 229
166 345 278 209
109 597 248 212
0 0 248 212
0 0 248 212
118 125 258 201
0 0 258 201
0 0 258 201
159 493 255 211
0 0 255 211
0 0 255 211
0 0 255 211
0 0 255 211
0 0 255 211
0 0 255 211
0 0 255 211
0 0 255 211
0 0 255 211
103 118 215 210
0 0 215 210
0 0 215 210
0 0 215 210
0 0 215 210
0 0 215 210
329 360 288 271
0 0 288 271
0 0 288 271
288 124 224 159
0 0 224 159
156 150 270 244
0 0 270 244
0 0 270 244
0 0 270 244
0 0 270 244
0 0 270 244
163 365 263 211
0 0 263 211
240 141 246 251
0 0 246 251
307 326 275 246
0 0 275 246
0 0 275 246
0 0 275 246
186 398 274 222
203 717 234 228
163 453 249 206
0 0 249 206
386 434 260 227
193 470 227 164
228 385 260 231
103 447 284 219
0 0 284 219
0 0 284 219
0 0 284 219
0 0 284 219
0 0 284 219
0 0 284 219
0 0 284 219
0 0 284 219
363 250 246 213
0 0 246 213
303 726 262 230
0 0 262 230
0 0 262 230
205 517 214 149
0 0 214 149
0 0 214 149
0 0 214 149
0 0 214 149
0 0 214 149
212 399 292 267
0 0 292 267
0 0 292 267
0 0 292 267
0 0 292 267
0 0 292 267
0 0 292 267
0 0 292 267
0 0 292 267
215 118 233 239
0 0 233 239
0 0 233 239
0 0 233 239
199 393 234 193
0 0 234 193
179 354 286 226
0 0 286 226
0 0 286 226
197 169 249 192
0 0 249 192
0 0 249 192
0 0 249 192
153 174 284 238
0 0 284 238
238 597 214 154
130 401 259 255
188 383 225 192
0 0 225 192
206 362 249 190
0 0 249 190
106 327 213 132
0 0 213 132
205 480 258 211
129 109 223 245
235 343 294 263
0 0 294 263
0 0 294 263
0 0 294 263
0 0 294 263
282 561 225 193
171 836 262 208
0 0 262 208
148 220 282 264
209 334 247 205
0 0 247 205
0 0 247 205
102 439 302 241
0 0 302 241
0 0 302 241
0 0 302 241
0 0 302 241
282 529 240 176
343 679 220 187
148 237 299 291
181 341 235 200
0 0 235 200
0 0 235 200
0 0 235 200
180 103 240 277
173 340 218 224
0 0 218 224
386 296 249 210
0 0 249 210
0 0 249 210
113 889 223 163
191 406 285 253
0 0 285 253
352 367 216 187
0 0 216 187
174 378 289 245
0 0 289 245
0 0 289 245
0 0 289 245
120 397 226 189
0 0 226 189
0 0 226 189
131 120 214 243
178 376 243 206
0 0 243 206
181 295 260 199
0 0 260 199
0 0 260 199
0 0 260 199
0 0 260 199
118 716 236 193
0 0 236 193
111 110 229 214
0 0 229 214
223 117 249 183
0 0 249 183
0 0 249 183
0 0 249 183
0 0 249 183
0 0 249 183
0 0 249 183
203 842 280 208
0 0 280 208
0 0 280 208
160 322 261 217
758 249 248 250
0 0 248 250
0 0 248 250
175 108 219 244
0 0 219 244
0 0 219 244
200 405 222 172
193 327 214 183
0 0 214 183
0 0 214 183
163 641 231 176
0 0 231 176
223 260 248 206
0 0 248 206
0 0 248 206
0 0 248 206
239 344 304 256
0 0 304 256
0 0 304 256
0 0 304 256
0 0 304 256
189 328 233 191
319 454 255 226
274 358 235 199
0 0 235 199
364 1126 239 176
0 0 239 176
0 0 239 176
0 0 239 176
0 0 239 176
0 0 239 176
0 0 239 176
0 0 239 176
0 0 239 176
0 0 239 176
0 0 239 176
166 419 250 187
0 0 250 187
0 0 250 187
214 796 254 209
112 104 300 253
249 395 268 237
0 0 268 237
0 0 268 237
0 0 268 237
0 0 268 237
0 0 268 237
0 0 268 237
210 349 302 271
190 385 245 216
0 0 245 216
0 0 245 216
0 0 245 216
414 227 251 231
0 0 251 231
0 0 251 231
0 0 251 231
0 0 251 231
328 458 297 259
269 892 244 184
180 444 298 233
0 0 298 233
0 0 298 233
0 0 298 233
102 443 242 177
0 0 242 177
0 0 242 177
129 399 229 198
0 0 229 198
0 0 229 198
207 356 237 202
195 404 279 219
0 0 279 219
236 483 300 262
270 347 256 217
225 110 281 225
0 0 281 225
0 0 281 225
0 0 281 225
0 0 281 225
0 0 281 225
196 287 277 248
0 0 277 248
0 0 277 248
0 0 277 248
0 0 277 248
244 515 273 224
0 0 273 224
0 0 273 224
192 455 232 166
177 427 296 250
0 0 296 250
0 0 296 250
123 496 231 164
0 0 231 164
0 0 231 164
0 0 231 164
0 0 231 164
0 0 231 164
181 460 220 169
0 0 220 169
0 0 220 169
0 0 220 169
0 0 220 169
130 408 269 255
0 0 269 255
0 0 269 255
0 0 269 255
0 0 269 255
0 0 269 255
197 375 289 248
0 0 289 248
0 0 289 248
0 0 289 248
0 0 289 248
0 0 289 248
0 0 289 248
120 445 259 214
151 278 297 216
0 0 297 216
0 0 297 216
216 102 245 197
225 370 288 266
0 0 288 266
0 0 288 266
0 0 288 266
179 469 302 245
0 0 302 245
0 0 302 245
0 0 302 245
179 107 256 277
0 0 256 277
111 113 279 224
