195 387 233 191
291 403 225 182
206 407 293 250
247 398 253 214
0 0 253 214
282 766 263 228
0 0 263 228
235 539 250 205
264 477 303 266
287 593 281 241
244 540 276 234
0 0 276 234
0 0 276 234
298 563 252 216
134 155 273 231
139 408 238 179
316 505 227 190
213 331 247 207
226 603 236 189
221 693 242 195
225 388 266 225
489 1126 281 232
110 105 282 263
248 345 299 260
222 110 288 315
0 0 288 315
406 416 284 258
199 835 249 187
114 848 271 160
163 397 226 174
121 347 257 188
111 154 287 225
340 146 283 271
159 372 287 227
364 382 279 246
131 131 264 233
300 356 284 259
137 184 229 186
134 350 265 197
0 0 265 197
183 186 281 248
128 105 221 217
199 331 284 238
131 107 301 301
0 0 301 301
0 0 301 301
119 349 234 166
322 769 222 175
287 373 250 218
136 105 255 261
341 465 215 185
0 0 215 185
146 138 258 236
122 158 239 188
0 0 239 188
110 235 224 149
227 233 281 249
111 140 260 213
0 0 260 213
204 436 293 244
0 0 293 244
205 397 249 206
278 506 299 261
114 140 253 181
177 454 273 223
196 413 238 197
232 196 287 264
190 619 237 189
201 392 265 227
179 412 246 193
104 128 221 153
134 134 274 235
167 719 281 245
123 951 287 208
0 0 287 208
0 0 287 208
105 133 248 192
169 341 217 163
0 0 217 163
221 103 231 281
226 896 217 170
162 382 290 227
216 484 276 232
185 139 292 278
535 1082 289 249
482 371 268 242
342 282 264 238
265 609 218 175
145 110 262 256
262 277 280 255
0 0 280 255
182 447 285 227
163 112 261 256
199 493 285 229
164 624 268 206
215 431 220 181
216 777 275 224
222 371 304 263
211 459 280 232
0 0 280 232
340 401 283 249
132 109 253 238
133 310 244 181
0 0 244 181
301 361 257 228
119 229 285 202
0 0 285 202
121 201 248 147
0 0 248 147
185 352 248 205
295 664 296 254
0 0 296 254
115 514 224 130
261 733 224 182
173 539 234 175
414 568 249 212
367 710 287 242
123 106 239 235
121 466 254 187
210 465 214 171
180 399 238 194
216 346 218 199
176 286 283 245
572 200 224 216
211 505 232 192
0 0 232 192
126 165 251 196
0 0 251 196
112 175 299 234
153 105 293 304
301 714 248 207
0 0 248 207
354 660 252 215
204 341 242 207
133 391 283 218
0 0 283 218
262 380 238 205
192 392 264 217
115 104 222 232
0 0 222 232
0 0 222 232
139 397 261 198
271 586 277 227
179 405 277 220
106 122 286 230
0 0 286 230
197 531 271 224
199 607 218 166
297 449 303 268
112 115 226 173
264 503 256 221
138 131 262 228
119 155 241 164
359 411 221 192
298 517 255 226
239 523 266 216
209 456 298 256
118 162 260 221
257 414 228 188
124 138 300 259
319 393 292 261
750 854 305 277
235 380 258 212
0 0 258 212
111 1126 234 178
223 503 225 181
332 376 216 186
194 504 262 202
258 781 245 207
302 379 272 240
198 417 250 206
0 0 250 206
155 373 259 205
118 110 292 276
125 133 296 241
241 425 264 226
278 426 300 257
0 0 300 257
471 699 248 221
117 120 290 245
267 502 301 260
255 383 285 250
0 0 285 250
236 367 281 233
205 495 248 202
216 455 291 241
156 467 222 162
124 138 290 256
138 267 283 231
0 0 283 231
400 362 296 265
138 106 281 285
197 358 241 196
175 447 230 171
115 108 235 211
0 0 235 211
226 508 214 169
145 115 297 296
128 128 247 222
121 446 272 214
210 806 253 205
207 359 239 195
204 420 230 189
229 405 230 196
468 415 242 215
112 125 263 217
159 732 233 179
125 233 303 239
127 111 293 265
181 439 236 197
476 122 220 238
0 0 220 238
211 451 300 251
195 358 224 181
149 137 215 191
189 388 284 235
0 0 284 235
208 867 291 241
108 103 300 280
240 318 228 202
119 189 265 195
116 117 228 176
115 107 294 281
0 0 294 281
122 1126 227 132
278 486 263 222
279 355 262 233
104 165 293 221
291 352 240 212
113 278 256 165
193 346 263 228
171 509 248 196
0 0 248 196
0 0 248 196
154 104 243 279
172 119 252 243
160 351 284 227
192 197 241 206
164 107 219 233
0 0 219 233
265 388 257 219
0 0 257 219
0 0 257 219
112 231 298 211
312 438 292 256
145 158 250 202
154 408 268 212
235 727 274 217
177 372 232 178
385 422 273 249
161 535 266 209
0 0 266 209
226 414 265 225
227 359 232 195
155 365 266 208
127 109 292 302
172 340 255 200
290 439 246 207
126 170 247 194
126 126 279 251
433 578 240 211
138 109 302 301
268 467 252 212
227 495 230 180
240 660 236 192
198 397 216 173
271 650 229 185
158 384 253 208
0 0 253 208
163 439 259 212
219 720 229 190
239 543 266 228
116 120 288 229
161 109 278 278
200 456 262 222
230 444 271 227
105 122 274 229
199 565 290 230
137 111 260 256
291 342 278 247
164 351 271 227
102 110 222 242
185 334 268 227
246 459 216 186
153 536 290 227
0 0 290 227
111 101 218 202
194 121 253 240
169 346 248 198
242 728 280 236
169 350 253 215
126 106 220 190
303 355 219 190
272 596 284 238
118 116 260 241
0 0 260 241
195 342 244 208
239 661 290 251
116 137 238 184
152 102 251 288
276 658 275 225
186 552 224 174
216 331 305 275
112 191 247 136
0 0 247 136
0 0 247 136
227 396 223 182
168 391 230 172
0 0 230 172
0 0 230 172
112 132 262 206
117 359 232 154
124 174 291 249
125 177 247 193
314 410 242 210
146 106 280 294
126 123 240 215
155 146 255 222
129 198 243 182
229 343 278 246
158 605 260 203
120 103 261 262
183 218 267 232
387 777 218 181
119 108 218 208
272 465 295 247
167 400 270 215
171 354 297 250
389 536 245 216
544 598 289 256
172 442 259 206
140 116 257 235
239 678 267 215
169 374 287 239
220 510 298 250
155 461 227 182
0 0 227 182
146 113 287 281
113 119 267 197
323 651 220 180
402 384 287 257
172 370 227 179
152 316 219 170
123 109 254 229
0 0 254 229
140 253 291 234
357 116 266 273
0 0 266 273
116 138 258 212
182 381 269 229
115 124 237 197
184 422 299 250
0 0 299 250
263 853 225 177
171 348 235 182
183 331 219 173
155 396 270 216
115 127 215 172
117 209 247 150
222 477 213 172
272 457 243 195
219 467 225 181
0 0 225 181
260 442 287 254
0 0 287 254
119 196 300 208
0 0 300 208
188 476 295 239
227 754 281 237
169 254 243 207
134 345 217 153
0 0 217 153
373 581 263 230
277 407 217 182
189 533 221 167
203 744 236 182
128 106 239 240
171 180 249 213
188 391 240 193
126 132 254 215
109 106 233 199
253 380 279 242
251 472 254 213
357 231 282 256
176 154 283 246
0 0 283 246
0 0 283 246
169 402 288 231
139 115 281 273
206 104 245 274
173 288 255 209
139 111 283 267
257 388 303 255
218 648 223 172
117 108 223 221
269 393 224 189
169 453 277 219
0 0 277 219
136 107 302 307
180 885 234 184
0 0 234 184
309 412 259 224
230 525 245 207
191 437 223 175
274 961 263 216
324 302 254 224
230 433 292 255
158 109 226 251
134 123 241 209
0 0 241 209
0 0 241 209
250 582 231 184
245 385 264 227
181 375 236 183
139 109 249 241
201 339 256 216
440 513 262 236
0 0 262 236
269 466 286 242
184 485 254 214
144 812 254 172
111 311 287 182
306 520 295 254
0 0 295 254
208 394 269 227
367 663 243 205
252 427 223 193
0 0 223 193
130 202 218 153
201 736 216 156
196 361 237 192
248 337 256 222
0 0 256 222
130 292 295 235
198 332 231 183
262 107 238 266
180 343 254 209
277 103 214 255
181 722 291 236
194 349 225 178
123 116 294 266
285 140 238 247
157 399 225 177
178 366 267 208
157 351 268 208
110 131 237 194
284 283 271 241
0 0 271 241
210 377 269 227
230 417 245 207
120 107 295 255
424 1126 289 247
0 0 289 247
0 0 289 247
110 106 293 255
131 128 287 260
0 0 287 260
281 441 231 198
126 133 259 233
111 169 266 203
214 603 240 191
0 0 240 191
112 253 293 206
235 273 233 206
172 104 247 344
137 109 271 280
123 108 236 224
119 596 262 191
148 108 221 221
175 624 249 199
170 340 231 191
255 484 286 247
0 0 286 247
0 0 286 247
149 342 225 171
366 345 300 279
134 133 284 249
204 402 238 196
200 474 269 223
180 415 254 202
227 164 223 206
203 550 271 223
247 267 247 216
178 388 280 220
230 427 260 221
112 150 258 205
247 455 281 241
173 386 299 246
110 493 231 119
188 371 282 227
212 415 253 207
114 126 215 177
0 0 215 177
152 387 270 212
146 452 279 211
278 383 297 261
171 389 300 248
232 368 259 220
136 199 240 184
153 366 264 209
115 111 262 212
265 159 254 240
183 493 278 217
0 0 278 217
207 382 227 186
171 115 297 295
114 109 275 247
186 361 289 240
115 462 243 152
257 577 265 227
185 386 235 192
192 408 253 208
0 0 253 208
0 0 253 208
174 125 299 281
0 0 299 281
140 107 253 266
0 0 253 266
398 782 218 178
243 374 233 192
166 472 254 204
163 644 291 225
140 193 289 238
161 360 293 236
186 396 247 203
181 331 220 176
122 111 290 271
0 0 290 271
164 338 300 248
0 0 300 248
183 506 245 195
157 398 282 220
187 403 238 189
0 0 238 189
0 0 238 189
270 724 230 186
222 102 247 331
0 0 247 331
0 0 247 331
253 290 233 206
120 488 218 152
105 455 285 188
193 111 288 275
0 0 288 275
222 383 230 189
235 416 215 179
199 352 273 226
0 0 273 226
232 477 229 182
146 102 223 248
0 0 223 248
253 516 297 256
159 428 263 206
280 427 238 207
205 367 299 249
183 378 268 222
222 361 215 174
0 0 215 174
248 493 292 252
165 342 287 242
197 336 215 169
0 0 215 169
120 583 288 212
166 359 264 214
179 467 214 161
237 410 261 218
105 269 244 126
235 406 254 215
212 382 250 210
403 185 270 258
258 430 242 205
148 106 298 321
243 359 295 256
112 108 263 225
102 136 286 273
156 669 287 203
0 0 287 203
335 294 230 191
324 530 229 188
321 357 275 246
131 155 276 227
0 0 276 227
269 585 265 227
185 506 279 228
122 168 272 204
0 0 272 204
131 128 241 214
140 197 264 208
239 526 241 194
158 504 214 160
114 110 280 240
0 0 280 240
173 320 288 238
134 109 268 263
116 111 257 239
208 497 240 191
109 112 272 238
218 545 222 171
0 0 222 171
0 0 222 171
0 0 222 171
0 0 222 171
0 0 222 171
0 0 222 171
130 106 259 281
198 376 301 259
213 631 235 193
173 367 237 192
187 366 300 250
266 541 216 168
0 0 216 168
0 0 216 168
182 610 240 191
290 414 247 213
0 0 247 213
0 0 247 213
252 408 221 185
0 0 221 185
229 1126 300 244
152 775 218 155
151 861 221 161
113 124 283 208
162 368 297 241
175 498 239 183
131 190 251 206
135 665 284 220
210 404 217 174
0 0 217 174
171 403 275 217
175 560 275 212
428 1126 232 181
372 732 222 192
0 0 222 192
112 120 242 209
0 0 242 209
150 181 248 212
207 424 250 209
122 155 287 243
255 469 300 254
172 427 251 202
527 295 260 241
125 461 235 163
199 477 304 256
106 159 288 200
107 426 288 192
189 540 233 185
127 102 280 287
128 121 257 215
143 110 289 280
152 139 286 249
248 368 279 242
141 109 281 278
381 395 271 241
182 413 235 192
0 0 235 192
0 0 235 192
280 776 265 215
111 553 297 192
0 0 297 192
0 0 297 192
335 421 241 201
161 232 271 232
0 0 271 232
301 392 219 197
204 330 266 227
185 402 267 216
0 0 267 216
114 105 276 257
217 347 229 188
207 423 216 174
176 430 256 205
263 888 242 192
198 379 252 208
324 430 216 190
346 406 276 242
290 335 299 263
274 377 225 192
198 560 230 180
366 111 269 277
105 109 273 202
222 599 222 178
166 374 250 190
182 126 216 209
222 393 246 209
175 409 301 250
0 0 301 250
0 0 301 250
193 473 282 226
0 0 282 226
0 0 282 226
423 1059 251 215
194 436 281 221
108 141 285 234
331 370 217 191
145 105 274 286
254 474 272 227
345 474 300 265
138 135 232 200
0 0 232 200
383 470 236 207
248 488 261 219
0 0 261 219
174 189 281 247
121 116 225 192
0 0 225 192
161 160 292 272
259 153 274 259
108 170 213 137
120 125 219 156
123 117 255 243
0 0 255 243
0 0 255 243
163 332 224 177
172 367 302 252
581 676 264 235
218 458 296 257
125 173 229 188
134 106 277 272
340 355 274 246
120 247 229 160
168 440 240 190
0 0 240 190
240 418 264 221
117 109 221 229
0 0 221 229
349 409 254 223
119 151 230 221
151 453 228 177
286 102 260 312
132 126 266 237
165 111 285 295
322 108 238 296
107 115 298 255
109 123 277 223
115 134 268 197
157 429 224 159
206 366 240 197
168 435 224 165
191 540 297 254
117 156 226 186
195 481 302 253
171 328 236 189
123 297 301 238
126 377 219 164
212 380 259 216
239 430 276 237
220 670 229 182
213 342 242 205
313 369 263 235
136 115 264 244
126 105 292 315
132 1126 237 136
117 340 300 230
171 191 288 253
125 108 257 278
135 126 255 217
248 550 293 248
0 0 293 248
148 389 249 199
0 0 249 199
294 311 287 259
135 650 240 174
115 127 243 185
144 236 275 229
150 106 252 264
195 577 286 233
229 472 261 218
170 118 239 237
123 157 302 255
188 412 226 174
0 0 226 174
120 105 233 208
221 805 284 237
0 0 284 237
233 435 254 217
249 434 225 186
110 111 288 245
188 408 224 174
215 509 298 245
217 598 219 167
0 0 219 167
187 368 288 245
323 419 233 199
441 182 286 275
121 221 261 201
197 396 217 179
301 228 267 245
161 378 214 171
177 427 283 226
0 0 283 226
167 110 288 290
174 352 276 230
233 108 273 290
209 423 243 201
131 139 283 251
127 139 218 179
401 142 292 289
241 374 282 247
255 669 225 169
158 358 235 185
296 421 283 246
147 162 250 206
197 446 214 167
191 332 218 171
162 402 255 216
106 222 285 187
0 0 285 187
186 428 245 205
267 440 258 215
130 146 289 251
0 0 289 251
110 195 242 155
0 0 242 155
202 441 299 256
128 419 230 168
0 0 230 168
173 419 223 169
110 129 253 169
0 0 253 169
130 107 228 225
236 436 224 184
219 367 257 207
124 424 280 203
232 506 262 223
170 290 254 203
238 496 271 229
186 455 296 242
198 376 264 219
224 366 225 191
123 107 294 273
0 0 294 273
106 220 243 148
158 474 251 192
151 230 223 179
156 390 292 236
0 0 292 236
199 920 273 209
226 438 229 188
200 419 279 229
112 130 222 177
129 614 280 249
211 580 303 257
215 336 297 259
379 469 304 267
0 0 304 267
178 174 273 282
118 107 226 196
256 152 305 283
651 443 236 215
179 453 280 224
87 92 230 23
170 395 216 165
210 432 288 242
133 106 247 250
216 714 287 237
118 114 300 265
134 132 301 258
179 386 224 177
127 176 291 244
180 620 214 156
178 373 260 210
204 204 280 252
243 320 222 187
0 0 222 187
168 608 286 225
102 115 222 196
225 524 216 177
0 0 216 177
220 407 251 212
202 368 229 187
134 603 300 235
227 835 245 187
